---- Rodada 1 ----
[[[24  0]
  [ 0 12]]

 [[22  0]
  [ 0 14]]

 [[26  0]
  [ 0 10]]]

---- Rodada 2 ----
[[[24  0]
  [ 0 12]]

 [[21  1]
  [ 1 13]]

 [[25  1]
  [ 1  9]]]

---- Rodada 3 ----
[[[24  0]
  [ 0 12]]

 [[22  0]
  [ 0 14]]

 [[26  0]
  [ 0 10]]]

---- Rodada 4 ----
[[[23  0]
  [ 0 12]]

 [[21  0]
  [ 0 14]]

 [[26  0]
  [ 0  9]]]

---- Rodada 5 ----
[[[24  0]
  [ 0 11]]

 [[18  2]
  [ 0 15]]

 [[26  0]
  [ 2  7]]]

---- Rodada 6 ----
[[[24  0]
  [ 0 12]]

 [[21  1]
  [ 0 14]]

 [[26  0]
  [ 1  9]]]

---- Rodada 7 ----
[[[24  0]
  [ 0 12]]

 [[21  1]
  [ 0 14]]

 [[26  0]
  [ 1  9]]]

---- Rodada 8 ----
[[[24  0]
  [ 0 12]]

 [[22  0]
  [ 1 13]]

 [[25  1]
  [ 0 10]]]

---- Rodada 9 ----
[[[23  0]
  [ 0 12]]

 [[21  0]
  [ 0 14]]

 [[26  0]
  [ 0  9]]]

---- Rodada 10 ----
[[[24  0]
  [ 0 11]]

 [[20  0]
  [ 1 14]]

 [[25  1]
  [ 0  9]]]

---- Rodada 11 ----
[[[24  0]
  [ 0 12]]

 [[22  0]
  [ 0 14]]

 [[26  0]
  [ 0 10]]]

---- Rodada 12 ----
[[[24  0]
  [ 0 12]]

 [[22  0]
  [ 1 13]]

 [[25  1]
  [ 0 10]]]

---- Rodada 13 ----
[[[24  0]
  [ 0 12]]

 [[22  0]
  [ 0 14]]

 [[26  0]
  [ 0 10]]]

---- Rodada 14 ----
[[[23  0]
  [ 0 12]]

 [[21  0]
  [ 0 14]]

 [[26  0]
  [ 0  9]]]

---- Rodada 15 ----
[[[24  0]
  [ 0 11]]

 [[20  0]
  [ 0 15]]

 [[26  0]
  [ 0  9]]]

---- Rodada 16 ----
[[[24  0]
  [ 0 12]]

 [[22  0]
  [ 1 13]]

 [[25  1]
  [ 0 10]]]

---- Rodada 17 ----
[[[24  0]
  [ 0 12]]

 [[22  0]
  [ 0 14]]

 [[26  0]
  [ 0 10]]]

---- Rodada 18 ----
[[[24  0]
  [ 0 12]]

 [[21  1]
  [ 0 14]]

 [[26  0]
  [ 1  9]]]

---- Rodada 19 ----
[[[23  0]
  [ 0 12]]

 [[20  1]
  [ 0 14]]

 [[26  0]
  [ 1  8]]]

---- Rodada 20 ----
[[[24  0]
  [ 0 11]]

 [[20  0]
  [ 0 15]]

 [[26  0]
  [ 0  9]]]

---- Rodada 21 ----
[[[24  0]
  [ 0 12]]

 [[20  2]
  [ 0 14]]

 [[26  0]
  [ 2  8]]]

---- Rodada 22 ----
[[[24  0]
  [ 1 11]]

 [[21  1]
  [ 0 14]]

 [[26  0]
  [ 0 10]]]

---- Rodada 23 ----
[[[24  0]
  [ 0 12]]

 [[21  1]
  [ 1 13]]

 [[25  1]
  [ 1  9]]]

---- Rodada 24 ----
[[[23  0]
  [ 0 12]]

 [[21  0]
  [ 0 14]]

 [[26  0]
  [ 0  9]]]

---- Rodada 25 ----
[[[24  0]
  [ 0 11]]

 [[20  0]
  [ 2 13]]

 [[24  2]
  [ 0  9]]]

---- Rodada 26 ----
[[[24  0]
  [ 0 12]]

 [[22  0]
  [ 0 14]]

 [[26  0]
  [ 0 10]]]

---- Rodada 27 ----
[[[24  0]
  [ 0 12]]

 [[22  0]
  [ 1 13]]

 [[25  1]
  [ 0 10]]]

---- Rodada 28 ----
[[[24  0]
  [ 0 12]]

 [[22  0]
  [ 0 14]]

 [[26  0]
  [ 0 10]]]

---- Rodada 29 ----
[[[23  0]
  [ 1 11]]

 [[20  1]
  [ 0 14]]

 [[26  0]
  [ 0  9]]]

---- Rodada 30 ----
[[[24  0]
  [ 0 11]]

 [[18  2]
  [ 0 15]]

 [[26  0]
  [ 2  7]]]

---- Rodada 31 ----
[[[24  0]
  [ 0 12]]

 [[22  0]
  [ 1 13]]

 [[25  1]
  [ 0 10]]]

---- Rodada 32 ----
[[[24  0]
  [ 0 12]]

 [[21  1]
  [ 0 14]]

 [[26  0]
  [ 1  9]]]

---- Rodada 33 ----
[[[24  0]
  [ 0 12]]

 [[21  1]
  [ 0 14]]

 [[26  0]
  [ 1  9]]]

---- Rodada 34 ----
[[[23  0]
  [ 0 12]]

 [[21  0]
  [ 0 14]]

 [[26  0]
  [ 0  9]]]

---- Rodada 35 ----
[[[24  0]
  [ 0 11]]

 [[20  0]
  [ 0 15]]

 [[26  0]
  [ 0  9]]]

---- Rodada 36 ----
[[[24  0]
  [ 0 12]]

 [[22  0]
  [ 0 14]]

 [[26  0]
  [ 0 10]]]

---- Rodada 37 ----
[[[24  0]
  [ 0 12]]

 [[21  1]
  [ 0 14]]

 [[26  0]
  [ 1  9]]]

---- Rodada 38 ----
[[[24  0]
  [ 0 12]]

 [[21  1]
  [ 1 13]]

 [[25  1]
  [ 1  9]]]

---- Rodada 39 ----
[[[23  0]
  [ 0 12]]

 [[21  0]
  [ 0 14]]

 [[26  0]
  [ 0  9]]]

---- Rodada 40 ----
[[[24  0]
  [ 0 11]]

 [[20  0]
  [ 0 15]]

 [[26  0]
  [ 0  9]]]

---- Rodada 41 ----
[[[24  0]
  [ 0 12]]

 [[22  0]
  [ 0 14]]

 [[26  0]
  [ 0 10]]]

---- Rodada 42 ----
[[[24  0]
  [ 0 12]]

 [[22  0]
  [ 1 13]]

 [[25  1]
  [ 0 10]]]

---- Rodada 43 ----
[[[24  0]
  [ 0 12]]

 [[21  1]
  [ 0 14]]

 [[26  0]
  [ 1  9]]]

---- Rodada 44 ----
[[[23  0]
  [ 0 12]]

 [[21  0]
  [ 0 14]]

 [[26  0]
  [ 0  9]]]

---- Rodada 45 ----
[[[24  0]
  [ 0 11]]

 [[19  1]
  [ 2 13]]

 [[24  2]
  [ 1  8]]]

---- Rodada 46 ----
[[[24  0]
  [ 0 12]]

 [[22  0]
  [ 0 14]]

 [[26  0]
  [ 0 10]]]

---- Rodada 47 ----
[[[24  0]
  [ 0 12]]

 [[21  1]
  [ 0 14]]

 [[26  0]
  [ 1  9]]]

---- Rodada 48 ----
[[[24  0]
  [ 0 12]]

 [[22  0]
  [ 0 14]]

 [[26  0]
  [ 0 10]]]

---- Rodada 49 ----
[[[23  0]
  [ 0 12]]

 [[21  0]
  [ 0 14]]

 [[26  0]
  [ 0  9]]]

---- Rodada 50 ----
[[[24  0]
  [ 0 11]]

 [[18  2]
  [ 1 14]]

 [[25  1]
  [ 2  7]]]

---- Rodada 51 ----
[[[24  0]
  [ 0 12]]

 [[21  1]
  [ 0 14]]

 [[26  0]
  [ 1  9]]]

---- Rodada 52 ----
[[[24  0]
  [ 0 12]]

 [[22  0]
  [ 0 14]]

 [[26  0]
  [ 0 10]]]

---- Rodada 53 ----
[[[24  0]
  [ 0 12]]

 [[22  0]
  [ 0 14]]

 [[26  0]
  [ 0 10]]]

---- Rodada 54 ----
[[[23  0]
  [ 0 12]]

 [[21  0]
  [ 1 13]]

 [[25  1]
  [ 0  9]]]

---- Rodada 55 ----
[[[24  0]
  [ 0 11]]

 [[19  1]
  [ 0 15]]

 [[26  0]
  [ 1  8]]]

---- Rodada 56 ----
[[[24  0]
  [ 1 11]]

 [[20  2]
  [ 0 14]]

 [[26  0]
  [ 1  9]]]

---- Rodada 57 ----
[[[24  0]
  [ 0 12]]

 [[22  0]
  [ 0 14]]

 [[26  0]
  [ 0 10]]]

---- Rodada 58 ----
[[[24  0]
  [ 0 12]]

 [[22  0]
  [ 0 14]]

 [[26  0]
  [ 0 10]]]

---- Rodada 59 ----
[[[23  0]
  [ 0 12]]

 [[21  0]
  [ 1 13]]

 [[25  1]
  [ 0  9]]]

---- Rodada 60 ----
[[[24  0]
  [ 0 11]]

 [[20  0]
  [ 0 15]]

 [[26  0]
  [ 0  9]]]

---- Rodada 61 ----
[[[24  0]
  [ 0 12]]

 [[21  1]
  [ 1 13]]

 [[25  1]
  [ 1  9]]]

---- Rodada 62 ----
[[[24  0]
  [ 0 12]]

 [[22  0]
  [ 0 14]]

 [[26  0]
  [ 0 10]]]

---- Rodada 63 ----
[[[24  0]
  [ 0 12]]

 [[21  1]
  [ 0 14]]

 [[26  0]
  [ 1  9]]]

---- Rodada 64 ----
[[[23  0]
  [ 0 12]]

 [[21  0]
  [ 0 14]]

 [[26  0]
  [ 0  9]]]

---- Rodada 65 ----
[[[24  0]
  [ 0 11]]

 [[20  0]
  [ 1 14]]

 [[25  1]
  [ 0  9]]]

---- Rodada 66 ----
[[[24  0]
  [ 0 12]]

 [[21  1]
  [ 0 14]]

 [[26  0]
  [ 1  9]]]

---- Rodada 67 ----
[[[24  0]
  [ 0 12]]

 [[22  0]
  [ 0 14]]

 [[26  0]
  [ 0 10]]]

---- Rodada 68 ----
[[[24  0]
  [ 0 12]]

 [[22  0]
  [ 0 14]]

 [[26  0]
  [ 0 10]]]

---- Rodada 69 ----
[[[23  0]
  [ 0 12]]

 [[20  1]
  [ 0 14]]

 [[26  0]
  [ 1  8]]]

---- Rodada 70 ----
[[[24  0]
  [ 0 11]]

 [[20  0]
  [ 1 14]]

 [[25  1]
  [ 0  9]]]

---- Rodada 71 ----
[[[24  0]
  [ 0 12]]

 [[22  0]
  [ 0 14]]

 [[26  0]
  [ 0 10]]]

---- Rodada 72 ----
[[[24  0]
  [ 0 12]]

 [[22  0]
  [ 0 14]]

 [[26  0]
  [ 0 10]]]

---- Rodada 73 ----
[[[24  0]
  [ 0 12]]

 [[22  0]
  [ 2 12]]

 [[24  2]
  [ 0 10]]]

---- Rodada 74 ----
[[[23  0]
  [ 0 12]]

 [[21  0]
  [ 2 12]]

 [[24  2]
  [ 0  9]]]

---- Rodada 75 ----
[[[24  0]
  [ 0 11]]

 [[19  1]
  [ 0 15]]

 [[26  0]
  [ 1  8]]]

---- Rodada 76 ----
[[[24  0]
  [ 0 12]]

 [[22  0]
  [ 0 14]]

 [[26  0]
  [ 0 10]]]

---- Rodada 77 ----
[[[24  0]
  [ 0 12]]

 [[20  2]
  [ 0 14]]

 [[26  0]
  [ 2  8]]]

---- Rodada 78 ----
[[[24  0]
  [ 0 12]]

 [[22  0]
  [ 0 14]]

 [[26  0]
  [ 0 10]]]

---- Rodada 79 ----
[[[23  0]
  [ 0 12]]

 [[21  0]
  [ 1 13]]

 [[25  1]
  [ 0  9]]]

---- Rodada 80 ----
[[[24  0]
  [ 0 11]]

 [[20  0]
  [ 1 14]]

 [[25  1]
  [ 0  9]]]

---- Rodada 81 ----
[[[24  0]
  [ 0 12]]

 [[22  0]
  [ 1 13]]

 [[25  1]
  [ 0 10]]]

---- Rodada 82 ----
[[[24  0]
  [ 0 12]]

 [[22  0]
  [ 0 14]]

 [[26  0]
  [ 0 10]]]

---- Rodada 83 ----
[[[24  0]
  [ 0 12]]

 [[22  0]
  [ 0 14]]

 [[26  0]
  [ 0 10]]]

---- Rodada 84 ----
[[[23  0]
  [ 0 12]]

 [[20  1]
  [ 0 14]]

 [[26  0]
  [ 1  8]]]

---- Rodada 85 ----
[[[24  0]
  [ 0 11]]

 [[19  1]
  [ 0 15]]

 [[26  0]
  [ 1  8]]]

---- Rodada 86 ----
[[[24  0]
  [ 0 12]]

 [[22  0]
  [ 0 14]]

 [[26  0]
  [ 0 10]]]

---- Rodada 87 ----
[[[24  0]
  [ 0 12]]

 [[21  1]
  [ 0 14]]

 [[26  0]
  [ 1  9]]]

---- Rodada 88 ----
[[[24  0]
  [ 0 12]]

 [[20  2]
  [ 0 14]]

 [[26  0]
  [ 2  8]]]

---- Rodada 89 ----
[[[23  0]
  [ 0 12]]

 [[21  0]
  [ 0 14]]

 [[26  0]
  [ 0  9]]]

---- Rodada 90 ----
[[[24  0]
  [ 0 11]]

 [[20  0]
  [ 1 14]]

 [[25  1]
  [ 0  9]]]

---- Rodada 91 ----
[[[24  0]
  [ 0 12]]

 [[22  0]
  [ 0 14]]

 [[26  0]
  [ 0 10]]]

---- Rodada 92 ----
[[[24  0]
  [ 0 12]]

 [[21  1]
  [ 1 13]]

 [[25  1]
  [ 1  9]]]

---- Rodada 93 ----
[[[24  0]
  [ 0 12]]

 [[22  0]
  [ 0 14]]

 [[26  0]
  [ 0 10]]]

---- Rodada 94 ----
[[[23  0]
  [ 0 12]]

 [[20  1]
  [ 0 14]]

 [[26  0]
  [ 1  8]]]

---- Rodada 95 ----
[[[24  0]
  [ 0 11]]

 [[20  0]
  [ 0 15]]

 [[26  0]
  [ 0  9]]]

---- Rodada 96 ----
[[[24  0]
  [ 0 12]]

 [[22  0]
  [ 1 13]]

 [[25  1]
  [ 0 10]]]

---- Rodada 97 ----
[[[24  0]
  [ 0 12]]

 [[21  1]
  [ 0 14]]

 [[26  0]
  [ 1  9]]]

---- Rodada 98 ----
[[[24  0]
  [ 0 12]]

 [[22  0]
  [ 0 14]]

 [[26  0]
  [ 0 10]]]

---- Rodada 99 ----
[[[23  0]
  [ 0 12]]

 [[21  0]
  [ 0 14]]

 [[26  0]
  [ 0  9]]]

---- Rodada 100 ----
[[[24  0]
  [ 0 11]]

 [[20  0]
  [ 0 15]]

 [[26  0]
  [ 0  9]]]

---- Rodada 101 ----
[[[24  0]
  [ 0 12]]

 [[21  1]
  [ 0 14]]

 [[26  0]
  [ 1  9]]]

---- Rodada 102 ----
[[[24  0]
  [ 0 12]]

 [[22  0]
  [ 2 12]]

 [[24  2]
  [ 0 10]]]

---- Rodada 103 ----
[[[24  0]
  [ 0 12]]

 [[21  1]
  [ 0 14]]

 [[26  0]
  [ 1  9]]]

---- Rodada 104 ----
[[[23  0]
  [ 0 12]]

 [[21  0]
  [ 1 13]]

 [[25  1]
  [ 0  9]]]

---- Rodada 105 ----
[[[24  0]
  [ 1 10]]

 [[19  1]
  [ 0 15]]

 [[26  0]
  [ 0  9]]]

---- Rodada 106 ----
[[[24  0]
  [ 0 12]]

 [[21  1]
  [ 0 14]]

 [[26  0]
  [ 1  9]]]

---- Rodada 107 ----
[[[24  0]
  [ 0 12]]

 [[21  1]
  [ 0 14]]

 [[26  0]
  [ 1  9]]]

---- Rodada 108 ----
[[[24  0]
  [ 0 12]]

 [[22  0]
  [ 1 13]]

 [[25  1]
  [ 0 10]]]

---- Rodada 109 ----
[[[23  0]
  [ 0 12]]

 [[21  0]
  [ 0 14]]

 [[26  0]
  [ 0  9]]]

---- Rodada 110 ----
[[[24  0]
  [ 0 11]]

 [[20  0]
  [ 0 15]]

 [[26  0]
  [ 0  9]]]

---- Rodada 111 ----
[[[24  0]
  [ 0 12]]

 [[22  0]
  [ 1 13]]

 [[25  1]
  [ 0 10]]]

---- Rodada 112 ----
[[[24  0]
  [ 0 12]]

 [[21  1]
  [ 0 14]]

 [[26  0]
  [ 1  9]]]

---- Rodada 113 ----
[[[24  0]
  [ 0 12]]

 [[22  0]
  [ 0 14]]

 [[26  0]
  [ 0 10]]]

---- Rodada 114 ----
[[[23  0]
  [ 0 12]]

 [[21  0]
  [ 1 13]]

 [[25  1]
  [ 0  9]]]

---- Rodada 115 ----
[[[24  0]
  [ 0 11]]

 [[20  0]
  [ 0 15]]

 [[26  0]
  [ 0  9]]]

---- Rodada 116 ----
[[[24  0]
  [ 0 12]]

 [[21  1]
  [ 0 14]]

 [[26  0]
  [ 1  9]]]

---- Rodada 117 ----
[[[24  0]
  [ 0 12]]

 [[22  0]
  [ 0 14]]

 [[26  0]
  [ 0 10]]]

---- Rodada 118 ----
[[[24  0]
  [ 0 12]]

 [[22  0]
  [ 1 13]]

 [[25  1]
  [ 0 10]]]

---- Rodada 119 ----
[[[23  0]
  [ 0 12]]

 [[21  0]
  [ 0 14]]

 [[26  0]
  [ 0  9]]]

---- Rodada 120 ----
[[[24  0]
  [ 0 11]]

 [[19  1]
  [ 0 15]]

 [[26  0]
  [ 1  8]]]

---- Rodada 121 ----
[[[24  0]
  [ 0 12]]

 [[22  0]
  [ 0 14]]

 [[26  0]
  [ 0 10]]]

---- Rodada 122 ----
[[[24  0]
  [ 0 12]]

 [[22  0]
  [ 0 14]]

 [[26  0]
  [ 0 10]]]

---- Rodada 123 ----
[[[24  0]
  [ 0 12]]

 [[22  0]
  [ 0 14]]

 [[26  0]
  [ 0 10]]]

---- Rodada 124 ----
[[[23  0]
  [ 0 12]]

 [[21  0]
  [ 1 13]]

 [[25  1]
  [ 0  9]]]

---- Rodada 125 ----
[[[24  0]
  [ 0 11]]

 [[20  0]
  [ 0 15]]

 [[26  0]
  [ 0  9]]]

---- Rodada 126 ----
[[[24  0]
  [ 0 12]]

 [[22  0]
  [ 0 14]]

 [[26  0]
  [ 0 10]]]

---- Rodada 127 ----
[[[24  0]
  [ 0 12]]

 [[20  2]
  [ 0 14]]

 [[26  0]
  [ 2  8]]]

---- Rodada 128 ----
[[[24  0]
  [ 0 12]]

 [[22  0]
  [ 1 13]]

 [[25  1]
  [ 0 10]]]

---- Rodada 129 ----
[[[23  0]
  [ 0 12]]

 [[21  0]
  [ 0 14]]

 [[26  0]
  [ 0  9]]]

---- Rodada 130 ----
[[[24  0]
  [ 0 11]]

 [[20  0]
  [ 0 15]]

 [[26  0]
  [ 0  9]]]

---- Rodada 131 ----
[[[24  0]
  [ 0 12]]

 [[22  0]
  [ 0 14]]

 [[26  0]
  [ 0 10]]]

---- Rodada 132 ----
[[[24  0]
  [ 0 12]]

 [[22  0]
  [ 0 14]]

 [[26  0]
  [ 0 10]]]

---- Rodada 133 ----
[[[24  0]
  [ 0 12]]

 [[22  0]
  [ 0 14]]

 [[26  0]
  [ 0 10]]]

---- Rodada 134 ----
[[[23  0]
  [ 0 12]]

 [[20  1]
  [ 1 13]]

 [[25  1]
  [ 1  8]]]

---- Rodada 135 ----
[[[24  0]
  [ 0 11]]

 [[20  0]
  [ 0 15]]

 [[26  0]
  [ 0  9]]]

---- Rodada 136 ----
[[[24  0]
  [ 0 12]]

 [[22  0]
  [ 1 13]]

 [[25  1]
  [ 0 10]]]

---- Rodada 137 ----
[[[24  0]
  [ 0 12]]

 [[22  0]
  [ 0 14]]

 [[26  0]
  [ 0 10]]]

---- Rodada 138 ----
[[[24  0]
  [ 0 12]]

 [[21  1]
  [ 0 14]]

 [[26  0]
  [ 1  9]]]

---- Rodada 139 ----
[[[23  0]
  [ 0 12]]

 [[21  0]
  [ 0 14]]

 [[26  0]
  [ 0  9]]]

---- Rodada 140 ----
[[[24  0]
  [ 0 11]]

 [[20  0]
  [ 0 15]]

 [[26  0]
  [ 0  9]]]

---- Rodada 141 ----
[[[24  0]
  [ 0 12]]

 [[22  0]
  [ 0 14]]

 [[26  0]
  [ 0 10]]]

---- Rodada 142 ----
[[[24  0]
  [ 0 12]]

 [[22  0]
  [ 1 13]]

 [[25  1]
  [ 0 10]]]

---- Rodada 143 ----
[[[24  0]
  [ 0 12]]

 [[20  2]
  [ 0 14]]

 [[26  0]
  [ 2  8]]]

---- Rodada 144 ----
[[[23  0]
  [ 0 12]]

 [[20  1]
  [ 0 14]]

 [[26  0]
  [ 1  8]]]

---- Rodada 145 ----
[[[24  0]
  [ 0 11]]

 [[20  0]
  [ 0 15]]

 [[26  0]
  [ 0  9]]]

---- Rodada 146 ----
[[[24  0]
  [ 0 12]]

 [[22  0]
  [ 0 14]]

 [[26  0]
  [ 0 10]]]

---- Rodada 147 ----
[[[24  0]
  [ 0 12]]

 [[22  0]
  [ 2 12]]

 [[24  2]
  [ 0 10]]]

---- Rodada 148 ----
[[[24  0]
  [ 0 12]]

 [[21  1]
  [ 0 14]]

 [[26  0]
  [ 1  9]]]

---- Rodada 149 ----
[[[23  0]
  [ 0 12]]

 [[20  1]
  [ 1 13]]

 [[25  1]
  [ 1  8]]]

---- Rodada 150 ----
[[[24  0]
  [ 0 11]]

 [[20  0]
  [ 0 15]]

 [[26  0]
  [ 0  9]]]

---- Rodada 151 ----
[[[24  0]
  [ 0 12]]

 [[21  1]
  [ 0 14]]

 [[26  0]
  [ 1  9]]]

---- Rodada 152 ----
[[[24  0]
  [ 0 12]]

 [[22  0]
  [ 1 13]]

 [[25  1]
  [ 0 10]]]

---- Rodada 153 ----
[[[24  0]
  [ 0 12]]

 [[21  1]
  [ 0 14]]

 [[26  0]
  [ 1  9]]]

---- Rodada 154 ----
[[[23  0]
  [ 0 12]]

 [[21  0]
  [ 0 14]]

 [[26  0]
  [ 0  9]]]

---- Rodada 155 ----
[[[24  0]
  [ 0 11]]

 [[19  1]
  [ 0 15]]

 [[26  0]
  [ 1  8]]]

---- Rodada 156 ----
[[[24  0]
  [ 0 12]]

 [[21  1]
  [ 0 14]]

 [[26  0]
  [ 1  9]]]

---- Rodada 157 ----
[[[24  0]
  [ 0 12]]

 [[22  0]
  [ 0 14]]

 [[26  0]
  [ 0 10]]]

---- Rodada 158 ----
[[[24  0]
  [ 0 12]]

 [[21  1]
  [ 0 14]]

 [[26  0]
  [ 1  9]]]

---- Rodada 159 ----
[[[23  0]
  [ 0 12]]

 [[20  1]
  [ 1 13]]

 [[25  1]
  [ 1  8]]]

---- Rodada 160 ----
[[[24  0]
  [ 0 11]]

 [[20  0]
  [ 0 15]]

 [[26  0]
  [ 0  9]]]

---- Rodada 161 ----
[[[24  0]
  [ 0 12]]

 [[22  0]
  [ 1 13]]

 [[25  1]
  [ 0 10]]]

---- Rodada 162 ----
[[[24  0]
  [ 0 12]]

 [[21  1]
  [ 0 14]]

 [[26  0]
  [ 1  9]]]

---- Rodada 163 ----
[[[24  0]
  [ 0 12]]

 [[21  1]
  [ 0 14]]

 [[26  0]
  [ 1  9]]]

---- Rodada 164 ----
[[[23  0]
  [ 0 12]]

 [[21  0]
  [ 0 14]]

 [[26  0]
  [ 0  9]]]

---- Rodada 165 ----
[[[24  0]
  [ 0 11]]

 [[20  0]
  [ 0 15]]

 [[26  0]
  [ 0  9]]]

---- Rodada 166 ----
[[[24  0]
  [ 0 12]]

 [[22  0]
  [ 1 13]]

 [[25  1]
  [ 0 10]]]

---- Rodada 167 ----
[[[24  0]
  [ 0 12]]

 [[22  0]
  [ 0 14]]

 [[26  0]
  [ 0 10]]]

---- Rodada 168 ----
[[[24  0]
  [ 0 12]]

 [[22  0]
  [ 1 13]]

 [[25  1]
  [ 0 10]]]

---- Rodada 169 ----
[[[23  0]
  [ 0 12]]

 [[21  0]
  [ 0 14]]

 [[26  0]
  [ 0  9]]]

---- Rodada 170 ----
[[[24  0]
  [ 0 11]]

 [[18  2]
  [ 0 15]]

 [[26  0]
  [ 2  7]]]

---- Rodada 171 ----
[[[24  0]
  [ 0 12]]

 [[21  1]
  [ 0 14]]

 [[26  0]
  [ 1  9]]]

---- Rodada 172 ----
[[[24  0]
  [ 0 12]]

 [[22  0]
  [ 0 14]]

 [[26  0]
  [ 0 10]]]

---- Rodada 173 ----
[[[24  0]
  [ 0 12]]

 [[21  1]
  [ 0 14]]

 [[26  0]
  [ 1  9]]]

---- Rodada 174 ----
[[[23  0]
  [ 0 12]]

 [[21  0]
  [ 2 12]]

 [[24  2]
  [ 0  9]]]

---- Rodada 175 ----
[[[24  0]
  [ 0 11]]

 [[20  0]
  [ 1 14]]

 [[25  1]
  [ 0  9]]]

---- Rodada 176 ----
[[[24  0]
  [ 0 12]]

 [[22  0]
  [ 1 13]]

 [[25  1]
  [ 0 10]]]

---- Rodada 177 ----
[[[24  0]
  [ 0 12]]

 [[21  1]
  [ 0 14]]

 [[26  0]
  [ 1  9]]]

---- Rodada 178 ----
[[[24  0]
  [ 0 12]]

 [[22  0]
  [ 0 14]]

 [[26  0]
  [ 0 10]]]

---- Rodada 179 ----
[[[23  0]
  [ 0 12]]

 [[21  0]
  [ 0 14]]

 [[26  0]
  [ 0  9]]]

---- Rodada 180 ----
[[[24  0]
  [ 0 11]]

 [[19  1]
  [ 0 15]]

 [[26  0]
  [ 1  8]]]

---- Rodada 181 ----
[[[24  0]
  [ 0 12]]

 [[20  2]
  [ 0 14]]

 [[26  0]
  [ 2  8]]]

---- Rodada 182 ----
[[[24  0]
  [ 0 12]]

 [[22  0]
  [ 0 14]]

 [[26  0]
  [ 0 10]]]

---- Rodada 183 ----
[[[24  0]
  [ 0 12]]

 [[22  0]
  [ 1 13]]

 [[25  1]
  [ 0 10]]]

---- Rodada 184 ----
[[[23  0]
  [ 0 12]]

 [[21  0]
  [ 2 12]]

 [[24  2]
  [ 0  9]]]

---- Rodada 185 ----
[[[24  0]
  [ 0 11]]

 [[20  0]
  [ 0 15]]

 [[26  0]
  [ 0  9]]]

---- Rodada 186 ----
[[[24  0]
  [ 0 12]]

 [[21  1]
  [ 0 14]]

 [[26  0]
  [ 1  9]]]

---- Rodada 187 ----
[[[24  0]
  [ 0 12]]

 [[22  0]
  [ 1 13]]

 [[25  1]
  [ 0 10]]]

---- Rodada 188 ----
[[[24  0]
  [ 0 12]]

 [[22  0]
  [ 0 14]]

 [[26  0]
  [ 0 10]]]

---- Rodada 189 ----
[[[23  0]
  [ 0 12]]

 [[20  1]
  [ 0 14]]

 [[26  0]
  [ 1  8]]]

---- Rodada 190 ----
[[[24  0]
  [ 0 11]]

 [[19  1]
  [ 0 15]]

 [[26  0]
  [ 1  8]]]

---- Rodada 191 ----
[[[24  0]
  [ 1 11]]

 [[20  2]
  [ 1 13]]

 [[25  1]
  [ 1  9]]]

---- Rodada 192 ----
[[[24  0]
  [ 0 12]]

 [[22  0]
  [ 0 14]]

 [[26  0]
  [ 0 10]]]

---- Rodada 193 ----
[[[24  0]
  [ 0 12]]

 [[22  0]
  [ 0 14]]

 [[26  0]
  [ 0 10]]]

---- Rodada 194 ----
[[[23  0]
  [ 0 12]]

 [[20  1]
  [ 0 14]]

 [[26  0]
  [ 1  8]]]

---- Rodada 195 ----
[[[24  0]
  [ 0 11]]

 [[20  0]
  [ 0 15]]

 [[26  0]
  [ 0  9]]]

---- Rodada 196 ----
[[[24  0]
  [ 0 12]]

 [[22  0]
  [ 1 13]]

 [[25  1]
  [ 0 10]]]

---- Rodada 197 ----
[[[24  0]
  [ 0 12]]

 [[22  0]
  [ 0 14]]

 [[26  0]
  [ 0 10]]]

---- Rodada 198 ----
[[[24  0]
  [ 0 12]]

 [[22  0]
  [ 0 14]]

 [[26  0]
  [ 0 10]]]

---- Rodada 199 ----
[[[23  0]
  [ 0 12]]

 [[21  0]
  [ 0 14]]

 [[26  0]
  [ 0  9]]]

---- Rodada 200 ----
[[[24  0]
  [ 0 11]]

 [[18  2]
  [ 0 15]]

 [[26  0]
  [ 2  7]]]

---- Rodada 201 ----
[[[24  0]
  [ 0 12]]

 [[21  1]
  [ 0 14]]

 [[26  0]
  [ 1  9]]]

---- Rodada 202 ----
[[[24  0]
  [ 0 12]]

 [[22  0]
  [ 0 14]]

 [[26  0]
  [ 0 10]]]

---- Rodada 203 ----
[[[24  0]
  [ 0 12]]

 [[21  1]
  [ 0 14]]

 [[26  0]
  [ 1  9]]]

---- Rodada 204 ----
[[[23  0]
  [ 0 12]]

 [[21  0]
  [ 1 13]]

 [[25  1]
  [ 0  9]]]

---- Rodada 205 ----
[[[24  0]
  [ 0 11]]

 [[20  0]
  [ 0 15]]

 [[26  0]
  [ 0  9]]]

---- Rodada 206 ----
[[[24  0]
  [ 1 11]]

 [[21  1]
  [ 1 13]]

 [[25  1]
  [ 0 10]]]

---- Rodada 207 ----
[[[24  0]
  [ 0 12]]

 [[22  0]
  [ 0 14]]

 [[26  0]
  [ 0 10]]]

---- Rodada 208 ----
[[[24  0]
  [ 0 12]]

 [[22  0]
  [ 0 14]]

 [[26  0]
  [ 0 10]]]

---- Rodada 209 ----
[[[23  0]
  [ 0 12]]

 [[20  1]
  [ 0 14]]

 [[26  0]
  [ 1  8]]]

---- Rodada 210 ----
[[[24  0]
  [ 0 11]]

 [[20  0]
  [ 0 15]]

 [[26  0]
  [ 0  9]]]

---- Rodada 211 ----
[[[24  0]
  [ 0 12]]

 [[22  0]
  [ 1 13]]

 [[25  1]
  [ 0 10]]]

---- Rodada 212 ----
[[[24  0]
  [ 0 12]]

 [[22  0]
  [ 0 14]]

 [[26  0]
  [ 0 10]]]

---- Rodada 213 ----
[[[24  0]
  [ 0 12]]

 [[22  0]
  [ 0 14]]

 [[26  0]
  [ 0 10]]]

---- Rodada 214 ----
[[[23  0]
  [ 0 12]]

 [[20  1]
  [ 0 14]]

 [[26  0]
  [ 1  8]]]

---- Rodada 215 ----
[[[24  0]
  [ 0 11]]

 [[19  1]
  [ 0 15]]

 [[26  0]
  [ 1  8]]]

---- Rodada 216 ----
[[[24  0]
  [ 0 12]]

 [[22  0]
  [ 0 14]]

 [[26  0]
  [ 0 10]]]

---- Rodada 217 ----
[[[24  0]
  [ 0 12]]

 [[22  0]
  [ 0 14]]

 [[26  0]
  [ 0 10]]]

---- Rodada 218 ----
[[[24  0]
  [ 0 12]]

 [[22  0]
  [ 0 14]]

 [[26  0]
  [ 0 10]]]

---- Rodada 219 ----
[[[23  0]
  [ 0 12]]

 [[21  0]
  [ 0 14]]

 [[26  0]
  [ 0  9]]]

---- Rodada 220 ----
[[[24  0]
  [ 0 11]]

 [[19  1]
  [ 1 14]]

 [[25  1]
  [ 1  8]]]

---- Rodada 221 ----
[[[24  0]
  [ 0 12]]

 [[21  1]
  [ 1 13]]

 [[25  1]
  [ 1  9]]]

---- Rodada 222 ----
[[[24  0]
  [ 0 12]]

 [[22  0]
  [ 0 14]]

 [[26  0]
  [ 0 10]]]

---- Rodada 223 ----
[[[24  0]
  [ 0 12]]

 [[22  0]
  [ 0 14]]

 [[26  0]
  [ 0 10]]]

---- Rodada 224 ----
[[[23  0]
  [ 0 12]]

 [[21  0]
  [ 0 14]]

 [[26  0]
  [ 0  9]]]

---- Rodada 225 ----
[[[24  0]
  [ 0 11]]

 [[20  0]
  [ 0 15]]

 [[26  0]
  [ 0  9]]]

---- Rodada 226 ----
[[[24  0]
  [ 0 12]]

 [[21  1]
  [ 0 14]]

 [[26  0]
  [ 1  9]]]

---- Rodada 227 ----
[[[24  0]
  [ 0 12]]

 [[22  0]
  [ 0 14]]

 [[26  0]
  [ 0 10]]]

---- Rodada 228 ----
[[[24  0]
  [ 0 12]]

 [[21  1]
  [ 0 14]]

 [[26  0]
  [ 1  9]]]

---- Rodada 229 ----
[[[23  0]
  [ 0 12]]

 [[21  0]
  [ 0 14]]

 [[26  0]
  [ 0  9]]]

---- Rodada 230 ----
[[[24  0]
  [ 0 11]]

 [[20  0]
  [ 1 14]]

 [[25  1]
  [ 0  9]]]

---- Rodada 231 ----
[[[24  0]
  [ 0 12]]

 [[21  1]
  [ 1 13]]

 [[25  1]
  [ 1  9]]]

---- Rodada 232 ----
[[[24  0]
  [ 0 12]]

 [[21  1]
  [ 0 14]]

 [[26  0]
  [ 1  9]]]

---- Rodada 233 ----
[[[24  0]
  [ 0 12]]

 [[22  0]
  [ 0 14]]

 [[26  0]
  [ 0 10]]]

---- Rodada 234 ----
[[[23  0]
  [ 1 11]]

 [[20  1]
  [ 0 14]]

 [[26  0]
  [ 0  9]]]

---- Rodada 235 ----
[[[24  0]
  [ 0 11]]

 [[20  0]
  [ 0 15]]

 [[26  0]
  [ 0  9]]]

---- Rodada 236 ----
[[[24  0]
  [ 1 11]]

 [[21  1]
  [ 1 13]]

 [[25  1]
  [ 0 10]]]

---- Rodada 237 ----
[[[24  0]
  [ 0 12]]

 [[22  0]
  [ 0 14]]

 [[26  0]
  [ 0 10]]]

---- Rodada 238 ----
[[[24  0]
  [ 0 12]]

 [[20  2]
  [ 0 14]]

 [[26  0]
  [ 2  8]]]

---- Rodada 239 ----
[[[23  0]
  [ 0 12]]

 [[21  0]
  [ 2 12]]

 [[24  2]
  [ 0  9]]]

---- Rodada 240 ----
[[[24  0]
  [ 0 11]]

 [[20  0]
  [ 0 15]]

 [[26  0]
  [ 0  9]]]

---- Rodada 241 ----
[[[24  0]
  [ 0 12]]

 [[22  0]
  [ 0 14]]

 [[26  0]
  [ 0 10]]]

---- Rodada 242 ----
[[[24  0]
  [ 0 12]]

 [[22  0]
  [ 0 14]]

 [[26  0]
  [ 0 10]]]

---- Rodada 243 ----
[[[24  0]
  [ 0 12]]

 [[21  1]
  [ 0 14]]

 [[26  0]
  [ 1  9]]]

---- Rodada 244 ----
[[[23  0]
  [ 0 12]]

 [[20  1]
  [ 1 13]]

 [[25  1]
  [ 1  8]]]

---- Rodada 245 ----
[[[24  0]
  [ 0 11]]

 [[20  0]
  [ 0 15]]

 [[26  0]
  [ 0  9]]]

---- Rodada 246 ----
[[[24  0]
  [ 1 11]]

 [[20  2]
  [ 1 13]]

 [[25  1]
  [ 1  9]]]

---- Rodada 247 ----
[[[24  0]
  [ 0 12]]

 [[21  1]
  [ 0 14]]

 [[26  0]
  [ 1  9]]]

---- Rodada 248 ----
[[[24  0]
  [ 0 12]]

 [[22  0]
  [ 0 14]]

 [[26  0]
  [ 0 10]]]

---- Rodada 249 ----
[[[23  0]
  [ 0 12]]

 [[21  0]
  [ 1 13]]

 [[25  1]
  [ 0  9]]]

---- Rodada 250 ----
[[[24  0]
  [ 0 11]]

 [[20  0]
  [ 0 15]]

 [[26  0]
  [ 0  9]]]

---- Rodada 251 ----
[[[24  0]
  [ 1 11]]

 [[21  1]
  [ 0 14]]

 [[26  0]
  [ 0 10]]]

---- Rodada 252 ----
[[[24  0]
  [ 0 12]]

 [[20  2]
  [ 0 14]]

 [[26  0]
  [ 2  8]]]

---- Rodada 253 ----
[[[24  0]
  [ 0 12]]

 [[22  0]
  [ 0 14]]

 [[26  0]
  [ 0 10]]]

---- Rodada 254 ----
[[[23  0]
  [ 0 12]]

 [[20  1]
  [ 0 14]]

 [[26  0]
  [ 1  8]]]

---- Rodada 255 ----
[[[24  0]
  [ 0 11]]

 [[20  0]
  [ 1 14]]

 [[25  1]
  [ 0  9]]]

---- Rodada 256 ----
[[[24  0]
  [ 0 12]]

 [[22  0]
  [ 0 14]]

 [[26  0]
  [ 0 10]]]

---- Rodada 257 ----
[[[24  0]
  [ 0 12]]

 [[21  1]
  [ 1 13]]

 [[25  1]
  [ 1  9]]]

---- Rodada 258 ----
[[[24  0]
  [ 0 12]]

 [[21  1]
  [ 0 14]]

 [[26  0]
  [ 1  9]]]

---- Rodada 259 ----
[[[23  0]
  [ 1 11]]

 [[20  1]
  [ 0 14]]

 [[26  0]
  [ 0  9]]]

---- Rodada 260 ----
[[[24  0]
  [ 0 11]]

 [[20  0]
  [ 0 15]]

 [[26  0]
  [ 0  9]]]

---- Rodada 261 ----
[[[24  0]
  [ 0 12]]

 [[21  1]
  [ 0 14]]

 [[26  0]
  [ 1  9]]]

---- Rodada 262 ----
[[[24  0]
  [ 0 12]]

 [[22  0]
  [ 0 14]]

 [[26  0]
  [ 0 10]]]

---- Rodada 263 ----
[[[24  0]
  [ 0 12]]

 [[21  1]
  [ 1 13]]

 [[25  1]
  [ 1  9]]]

---- Rodada 264 ----
[[[23  0]
  [ 0 12]]

 [[21  0]
  [ 0 14]]

 [[26  0]
  [ 0  9]]]

---- Rodada 265 ----
[[[24  0]
  [ 0 11]]

 [[20  0]
  [ 0 15]]

 [[26  0]
  [ 0  9]]]

---- Rodada 266 ----
[[[24  0]
  [ 1 11]]

 [[21  1]
  [ 1 13]]

 [[25  1]
  [ 0 10]]]

---- Rodada 267 ----
[[[24  0]
  [ 0 12]]

 [[22  0]
  [ 0 14]]

 [[26  0]
  [ 0 10]]]

---- Rodada 268 ----
[[[24  0]
  [ 0 12]]

 [[22  0]
  [ 0 14]]

 [[26  0]
  [ 0 10]]]

---- Rodada 269 ----
[[[23  0]
  [ 0 12]]

 [[21  0]
  [ 0 14]]

 [[26  0]
  [ 0  9]]]

---- Rodada 270 ----
[[[24  0]
  [ 0 11]]

 [[19  1]
  [ 0 15]]

 [[26  0]
  [ 1  8]]]

---- Rodada 271 ----
[[[24  0]
  [ 0 12]]

 [[21  1]
  [ 0 14]]

 [[26  0]
  [ 1  9]]]

---- Rodada 272 ----
[[[24  0]
  [ 0 12]]

 [[22  0]
  [ 0 14]]

 [[26  0]
  [ 0 10]]]

---- Rodada 273 ----
[[[24  0]
  [ 0 12]]

 [[22  0]
  [ 0 14]]

 [[26  0]
  [ 0 10]]]

---- Rodada 274 ----
[[[23  0]
  [ 0 12]]

 [[20  1]
  [ 0 14]]

 [[26  0]
  [ 1  8]]]

---- Rodada 275 ----
[[[24  0]
  [ 0 11]]

 [[20  0]
  [ 1 14]]

 [[25  1]
  [ 0  9]]]

---- Rodada 276 ----
[[[24  0]
  [ 0 12]]

 [[22  0]
  [ 1 13]]

 [[25  1]
  [ 0 10]]]

---- Rodada 277 ----
[[[24  0]
  [ 0 12]]

 [[22  0]
  [ 0 14]]

 [[26  0]
  [ 0 10]]]

---- Rodada 278 ----
[[[24  0]
  [ 0 12]]

 [[22  0]
  [ 0 14]]

 [[26  0]
  [ 0 10]]]

---- Rodada 279 ----
[[[23  0]
  [ 0 12]]

 [[20  1]
  [ 0 14]]

 [[26  0]
  [ 1  8]]]

---- Rodada 280 ----
[[[24  0]
  [ 0 11]]

 [[20  0]
  [ 0 15]]

 [[26  0]
  [ 0  9]]]

---- Rodada 281 ----
[[[24  0]
  [ 0 12]]

 [[22  0]
  [ 1 13]]

 [[25  1]
  [ 0 10]]]

---- Rodada 282 ----
[[[24  0]
  [ 0 12]]

 [[21  1]
  [ 0 14]]

 [[26  0]
  [ 1  9]]]

---- Rodada 283 ----
[[[24  0]
  [ 0 12]]

 [[22  0]
  [ 0 14]]

 [[26  0]
  [ 0 10]]]

---- Rodada 284 ----
[[[23  0]
  [ 0 12]]

 [[20  1]
  [ 0 14]]

 [[26  0]
  [ 1  8]]]

---- Rodada 285 ----
[[[24  0]
  [ 0 11]]

 [[20  0]
  [ 1 14]]

 [[25  1]
  [ 0  9]]]

---- Rodada 286 ----
[[[24  0]
  [ 0 12]]

 [[22  0]
  [ 1 13]]

 [[25  1]
  [ 0 10]]]

---- Rodada 287 ----
[[[24  0]
  [ 0 12]]

 [[21  1]
  [ 1 13]]

 [[25  1]
  [ 1  9]]]

---- Rodada 288 ----
[[[24  0]
  [ 0 12]]

 [[22  0]
  [ 0 14]]

 [[26  0]
  [ 0 10]]]

---- Rodada 289 ----
[[[23  0]
  [ 0 12]]

 [[20  1]
  [ 1 13]]

 [[25  1]
  [ 1  8]]]

---- Rodada 290 ----
[[[24  0]
  [ 0 11]]

 [[20  0]
  [ 0 15]]

 [[26  0]
  [ 0  9]]]

---- Rodada 291 ----
[[[24  0]
  [ 0 12]]

 [[21  1]
  [ 0 14]]

 [[26  0]
  [ 1  9]]]

---- Rodada 292 ----
[[[24  0]
  [ 0 12]]

 [[22  0]
  [ 1 13]]

 [[25  1]
  [ 0 10]]]

---- Rodada 293 ----
[[[24  0]
  [ 1 11]]

 [[21  1]
  [ 0 14]]

 [[26  0]
  [ 0 10]]]

---- Rodada 294 ----
[[[23  0]
  [ 0 12]]

 [[21  0]
  [ 1 13]]

 [[25  1]
  [ 0  9]]]

---- Rodada 295 ----
[[[24  0]
  [ 0 11]]

 [[20  0]
  [ 2 13]]

 [[24  2]
  [ 0  9]]]

---- Rodada 296 ----
[[[24  0]
  [ 0 12]]

 [[22  0]
  [ 0 14]]

 [[26  0]
  [ 0 10]]]

---- Rodada 297 ----
[[[24  0]
  [ 0 12]]

 [[22  0]
  [ 0 14]]

 [[26  0]
  [ 0 10]]]

---- Rodada 298 ----
[[[24  0]
  [ 0 12]]

 [[21  1]
  [ 0 14]]

 [[26  0]
  [ 1  9]]]

---- Rodada 299 ----
[[[23  0]
  [ 0 12]]

 [[21  0]
  [ 0 14]]

 [[26  0]
  [ 0  9]]]

---- Rodada 300 ----
[[[24  0]
  [ 0 11]]

 [[20  0]
  [ 1 14]]

 [[25  1]
  [ 0  9]]]

---- Rodada 301 ----
[[[24  0]
  [ 0 12]]

 [[21  1]
  [ 1 13]]

 [[25  1]
  [ 1  9]]]

---- Rodada 302 ----
[[[24  0]
  [ 0 12]]

 [[22  0]
  [ 0 14]]

 [[26  0]
  [ 0 10]]]

---- Rodada 303 ----
[[[24  0]
  [ 0 12]]

 [[22  0]
  [ 1 13]]

 [[25  1]
  [ 0 10]]]

---- Rodada 304 ----
[[[23  0]
  [ 0 12]]

 [[21  0]
  [ 0 14]]

 [[26  0]
  [ 0  9]]]

---- Rodada 305 ----
[[[24  0]
  [ 0 11]]

 [[19  1]
  [ 0 15]]

 [[26  0]
  [ 1  8]]]

---- Rodada 306 ----
[[[24  0]
  [ 0 12]]

 [[22  0]
  [ 0 14]]

 [[26  0]
  [ 0 10]]]

---- Rodada 307 ----
[[[24  0]
  [ 1 11]]

 [[20  2]
  [ 0 14]]

 [[26  0]
  [ 1  9]]]

---- Rodada 308 ----
[[[24  0]
  [ 0 12]]

 [[22  0]
  [ 1 13]]

 [[25  1]
  [ 0 10]]]

---- Rodada 309 ----
[[[23  0]
  [ 0 12]]

 [[21  0]
  [ 0 14]]

 [[26  0]
  [ 0  9]]]

---- Rodada 310 ----
[[[24  0]
  [ 0 11]]

 [[20  0]
  [ 0 15]]

 [[26  0]
  [ 0  9]]]

---- Rodada 311 ----
[[[24  0]
  [ 0 12]]

 [[22  0]
  [ 1 13]]

 [[25  1]
  [ 0 10]]]

---- Rodada 312 ----
[[[24  0]
  [ 0 12]]

 [[22  0]
  [ 0 14]]

 [[26  0]
  [ 0 10]]]

---- Rodada 313 ----
[[[24  0]
  [ 0 12]]

 [[22  0]
  [ 0 14]]

 [[26  0]
  [ 0 10]]]

---- Rodada 314 ----
[[[23  0]
  [ 0 12]]

 [[21  0]
  [ 0 14]]

 [[26  0]
  [ 0  9]]]

---- Rodada 315 ----
[[[24  0]
  [ 0 11]]

 [[19  1]
  [ 0 15]]

 [[26  0]
  [ 1  8]]]

---- Rodada 316 ----
[[[24  0]
  [ 0 12]]

 [[22  0]
  [ 1 13]]

 [[25  1]
  [ 0 10]]]

---- Rodada 317 ----
[[[24  0]
  [ 0 12]]

 [[22  0]
  [ 0 14]]

 [[26  0]
  [ 0 10]]]

---- Rodada 318 ----
[[[24  0]
  [ 0 12]]

 [[21  1]
  [ 0 14]]

 [[26  0]
  [ 1  9]]]

---- Rodada 319 ----
[[[23  0]
  [ 0 12]]

 [[21  0]
  [ 0 14]]

 [[26  0]
  [ 0  9]]]

---- Rodada 320 ----
[[[24  0]
  [ 0 11]]

 [[19  1]
  [ 0 15]]

 [[26  0]
  [ 1  8]]]

---- Rodada 321 ----
[[[24  0]
  [ 0 12]]

 [[22  0]
  [ 0 14]]

 [[26  0]
  [ 0 10]]]

---- Rodada 322 ----
[[[24  0]
  [ 0 12]]

 [[21  1]
  [ 1 13]]

 [[25  1]
  [ 1  9]]]

---- Rodada 323 ----
[[[24  0]
  [ 0 12]]

 [[22  0]
  [ 0 14]]

 [[26  0]
  [ 0 10]]]

---- Rodada 324 ----
[[[23  0]
  [ 0 12]]

 [[21  0]
  [ 0 14]]

 [[26  0]
  [ 0  9]]]

---- Rodada 325 ----
[[[24  0]
  [ 0 11]]

 [[20  0]
  [ 0 15]]

 [[26  0]
  [ 0  9]]]

---- Rodada 326 ----
[[[24  0]
  [ 0 12]]

 [[22  0]
  [ 1 13]]

 [[25  1]
  [ 0 10]]]

---- Rodada 327 ----
[[[24  0]
  [ 0 12]]

 [[21  1]
  [ 0 14]]

 [[26  0]
  [ 1  9]]]

---- Rodada 328 ----
[[[24  0]
  [ 0 12]]

 [[22  0]
  [ 0 14]]

 [[26  0]
  [ 0 10]]]

---- Rodada 329 ----
[[[23  0]
  [ 0 12]]

 [[20  1]
  [ 0 14]]

 [[26  0]
  [ 1  8]]]

---- Rodada 330 ----
[[[24  0]
  [ 0 11]]

 [[20  0]
  [ 1 14]]

 [[25  1]
  [ 0  9]]]

---- Rodada 331 ----
[[[24  0]
  [ 0 12]]

 [[22  0]
  [ 0 14]]

 [[26  0]
  [ 0 10]]]

---- Rodada 332 ----
[[[24  0]
  [ 0 12]]

 [[22  0]
  [ 0 14]]

 [[26  0]
  [ 0 10]]]

---- Rodada 333 ----
[[[24  0]
  [ 0 12]]

 [[22  0]
  [ 0 14]]

 [[26  0]
  [ 0 10]]]

---- Rodada 334 ----
[[[23  0]
  [ 0 12]]

 [[20  1]
  [ 0 14]]

 [[26  0]
  [ 1  8]]]

---- Rodada 335 ----
[[[24  0]
  [ 0 11]]

 [[20  0]
  [ 1 14]]

 [[25  1]
  [ 0  9]]]

---- Rodada 336 ----
[[[24  0]
  [ 0 12]]

 [[22  0]
  [ 0 14]]

 [[26  0]
  [ 0 10]]]

---- Rodada 337 ----
[[[24  0]
  [ 0 12]]

 [[21  1]
  [ 0 14]]

 [[26  0]
  [ 1  9]]]

---- Rodada 338 ----
[[[24  0]
  [ 0 12]]

 [[22  0]
  [ 1 13]]

 [[25  1]
  [ 0 10]]]

---- Rodada 339 ----
[[[23  0]
  [ 0 12]]

 [[21  0]
  [ 0 14]]

 [[26  0]
  [ 0  9]]]

---- Rodada 340 ----
[[[24  0]
  [ 0 11]]

 [[20  0]
  [ 0 15]]

 [[26  0]
  [ 0  9]]]

---- Rodada 341 ----
[[[24  0]
  [ 0 12]]

 [[22  0]
  [ 0 14]]

 [[26  0]
  [ 0 10]]]

---- Rodada 342 ----
[[[24  0]
  [ 0 12]]

 [[21  1]
  [ 0 14]]

 [[26  0]
  [ 1  9]]]

---- Rodada 343 ----
[[[24  0]
  [ 0 12]]

 [[22  0]
  [ 0 14]]

 [[26  0]
  [ 0 10]]]

---- Rodada 344 ----
[[[23  0]
  [ 0 12]]

 [[20  1]
  [ 1 13]]

 [[25  1]
  [ 1  8]]]

---- Rodada 345 ----
[[[24  0]
  [ 1 10]]

 [[19  1]
  [ 1 14]]

 [[25  1]
  [ 0  9]]]

---- Rodada 346 ----
[[[24  0]
  [ 0 12]]

 [[21  1]
  [ 1 13]]

 [[25  1]
  [ 1  9]]]

---- Rodada 347 ----
[[[24  0]
  [ 0 12]]

 [[22  0]
  [ 0 14]]

 [[26  0]
  [ 0 10]]]

---- Rodada 348 ----
[[[24  0]
  [ 0 12]]

 [[21  1]
  [ 0 14]]

 [[26  0]
  [ 1  9]]]

---- Rodada 349 ----
[[[23  0]
  [ 0 12]]

 [[21  0]
  [ 0 14]]

 [[26  0]
  [ 0  9]]]

---- Rodada 350 ----
[[[24  0]
  [ 0 11]]

 [[20  0]
  [ 0 15]]

 [[26  0]
  [ 0  9]]]

---- Rodada 351 ----
[[[24  0]
  [ 0 12]]

 [[22  0]
  [ 0 14]]

 [[26  0]
  [ 0 10]]]

---- Rodada 352 ----
[[[24  0]
  [ 0 12]]

 [[21  1]
  [ 0 14]]

 [[26  0]
  [ 1  9]]]

---- Rodada 353 ----
[[[24  0]
  [ 0 12]]

 [[21  1]
  [ 1 13]]

 [[25  1]
  [ 1  9]]]

---- Rodada 354 ----
[[[23  0]
  [ 0 12]]

 [[20  1]
  [ 1 13]]

 [[25  1]
  [ 1  8]]]

---- Rodada 355 ----
[[[24  0]
  [ 0 11]]

 [[20  0]
  [ 0 15]]

 [[26  0]
  [ 0  9]]]

---- Rodada 356 ----
[[[24  0]
  [ 0 12]]

 [[22  0]
  [ 0 14]]

 [[26  0]
  [ 0 10]]]

---- Rodada 357 ----
[[[24  0]
  [ 0 12]]

 [[22  0]
  [ 0 14]]

 [[26  0]
  [ 0 10]]]

---- Rodada 358 ----
[[[24  0]
  [ 0 12]]

 [[21  1]
  [ 0 14]]

 [[26  0]
  [ 1  9]]]

---- Rodada 359 ----
[[[23  0]
  [ 0 12]]

 [[21  0]
  [ 0 14]]

 [[26  0]
  [ 0  9]]]

---- Rodada 360 ----
[[[24  0]
  [ 0 11]]

 [[20  0]
  [ 2 13]]

 [[24  2]
  [ 0  9]]]

---- Rodada 361 ----
[[[24  0]
  [ 0 12]]

 [[21  1]
  [ 0 14]]

 [[26  0]
  [ 1  9]]]

---- Rodada 362 ----
[[[24  0]
  [ 0 12]]

 [[22  0]
  [ 0 14]]

 [[26  0]
  [ 0 10]]]

---- Rodada 363 ----
[[[24  0]
  [ 0 12]]

 [[22  0]
  [ 0 14]]

 [[26  0]
  [ 0 10]]]

---- Rodada 364 ----
[[[23  0]
  [ 0 12]]

 [[20  1]
  [ 1 13]]

 [[25  1]
  [ 1  8]]]

---- Rodada 365 ----
[[[24  0]
  [ 0 11]]

 [[20  0]
  [ 0 15]]

 [[26  0]
  [ 0  9]]]

---- Rodada 366 ----
[[[24  0]
  [ 0 12]]

 [[22  0]
  [ 0 14]]

 [[26  0]
  [ 0 10]]]

---- Rodada 367 ----
[[[24  0]
  [ 0 12]]

 [[21  1]
  [ 0 14]]

 [[26  0]
  [ 1  9]]]

---- Rodada 368 ----
[[[24  0]
  [ 0 12]]

 [[22  0]
  [ 0 14]]

 [[26  0]
  [ 0 10]]]

---- Rodada 369 ----
[[[23  0]
  [ 0 12]]

 [[21  0]
  [ 1 13]]

 [[25  1]
  [ 0  9]]]

---- Rodada 370 ----
[[[24  0]
  [ 0 11]]

 [[20  0]
  [ 0 15]]

 [[26  0]
  [ 0  9]]]

---- Rodada 371 ----
[[[24  0]
  [ 0 12]]

 [[22  0]
  [ 0 14]]

 [[26  0]
  [ 0 10]]]

---- Rodada 372 ----
[[[24  0]
  [ 0 12]]

 [[22  0]
  [ 0 14]]

 [[26  0]
  [ 0 10]]]

---- Rodada 373 ----
[[[24  0]
  [ 0 12]]

 [[21  1]
  [ 0 14]]

 [[26  0]
  [ 1  9]]]

---- Rodada 374 ----
[[[23  0]
  [ 0 12]]

 [[21  0]
  [ 1 13]]

 [[25  1]
  [ 0  9]]]

---- Rodada 375 ----
[[[24  0]
  [ 0 11]]

 [[20  0]
  [ 0 15]]

 [[26  0]
  [ 0  9]]]

---- Rodada 376 ----
[[[24  0]
  [ 1 11]]

 [[21  1]
  [ 0 14]]

 [[26  0]
  [ 0 10]]]

---- Rodada 377 ----
[[[24  0]
  [ 0 12]]

 [[22  0]
  [ 0 14]]

 [[26  0]
  [ 0 10]]]

---- Rodada 378 ----
[[[24  0]
  [ 0 12]]

 [[21  1]
  [ 1 13]]

 [[25  1]
  [ 1  9]]]

---- Rodada 379 ----
[[[23  0]
  [ 0 12]]

 [[21  0]
  [ 0 14]]

 [[26  0]
  [ 0  9]]]

---- Rodada 380 ----
[[[24  0]
  [ 0 11]]

 [[20  0]
  [ 0 15]]

 [[26  0]
  [ 0  9]]]

---- Rodada 381 ----
[[[24  0]
  [ 0 12]]

 [[22  0]
  [ 0 14]]

 [[26  0]
  [ 0 10]]]

---- Rodada 382 ----
[[[24  0]
  [ 0 12]]

 [[21  1]
  [ 0 14]]

 [[26  0]
  [ 1  9]]]

---- Rodada 383 ----
[[[24  0]
  [ 0 12]]

 [[22  0]
  [ 1 13]]

 [[25  1]
  [ 0 10]]]

---- Rodada 384 ----
[[[23  0]
  [ 1 11]]

 [[19  2]
  [ 0 14]]

 [[26  0]
  [ 1  8]]]

---- Rodada 385 ----
[[[24  0]
  [ 0 11]]

 [[20  0]
  [ 0 15]]

 [[26  0]
  [ 0  9]]]

---- Rodada 386 ----
[[[24  0]
  [ 0 12]]

 [[22  0]
  [ 0 14]]

 [[26  0]
  [ 0 10]]]

---- Rodada 387 ----
[[[24  0]
  [ 0 12]]

 [[22  0]
  [ 0 14]]

 [[26  0]
  [ 0 10]]]

---- Rodada 388 ----
[[[24  0]
  [ 0 12]]

 [[21  1]
  [ 0 14]]

 [[26  0]
  [ 1  9]]]

---- Rodada 389 ----
[[[23  0]
  [ 0 12]]

 [[21  0]
  [ 0 14]]

 [[26  0]
  [ 0  9]]]

---- Rodada 390 ----
[[[24  0]
  [ 0 11]]

 [[20  0]
  [ 1 14]]

 [[25  1]
  [ 0  9]]]

---- Rodada 391 ----
[[[24  0]
  [ 0 12]]

 [[21  1]
  [ 0 14]]

 [[26  0]
  [ 1  9]]]

---- Rodada 392 ----
[[[24  0]
  [ 0 12]]

 [[22  0]
  [ 1 13]]

 [[25  1]
  [ 0 10]]]

---- Rodada 393 ----
[[[24  0]
  [ 0 12]]

 [[21  1]
  [ 0 14]]

 [[26  0]
  [ 1  9]]]

---- Rodada 394 ----
[[[23  0]
  [ 0 12]]

 [[21  0]
  [ 0 14]]

 [[26  0]
  [ 0  9]]]

---- Rodada 395 ----
[[[24  0]
  [ 0 11]]

 [[20  0]
  [ 1 14]]

 [[25  1]
  [ 0  9]]]

---- Rodada 396 ----
[[[24  0]
  [ 0 12]]

 [[22  0]
  [ 0 14]]

 [[26  0]
  [ 0 10]]]

---- Rodada 397 ----
[[[24  0]
  [ 0 12]]

 [[22  0]
  [ 0 14]]

 [[26  0]
  [ 0 10]]]

---- Rodada 398 ----
[[[24  0]
  [ 0 12]]

 [[21  1]
  [ 0 14]]

 [[26  0]
  [ 1  9]]]

---- Rodada 399 ----
[[[23  0]
  [ 0 12]]

 [[20  1]
  [ 1 13]]

 [[25  1]
  [ 1  8]]]

---- Rodada 400 ----
[[[24  0]
  [ 0 11]]

 [[20  0]
  [ 0 15]]

 [[26  0]
  [ 0  9]]]

---- Rodada 401 ----
[[[24  0]
  [ 0 12]]

 [[21  1]
  [ 0 14]]

 [[26  0]
  [ 1  9]]]

---- Rodada 402 ----
[[[24  0]
  [ 0 12]]

 [[22  0]
  [ 0 14]]

 [[26  0]
  [ 0 10]]]

---- Rodada 403 ----
[[[24  0]
  [ 1 11]]

 [[21  1]
  [ 0 14]]

 [[26  0]
  [ 0 10]]]

---- Rodada 404 ----
[[[23  0]
  [ 0 12]]

 [[21  0]
  [ 0 14]]

 [[26  0]
  [ 0  9]]]

---- Rodada 405 ----
[[[24  0]
  [ 0 11]]

 [[19  1]
  [ 1 14]]

 [[25  1]
  [ 1  8]]]

---- Rodada 406 ----
[[[24  0]
  [ 0 12]]

 [[21  1]
  [ 0 14]]

 [[26  0]
  [ 1  9]]]

---- Rodada 407 ----
[[[24  0]
  [ 0 12]]

 [[22  0]
  [ 0 14]]

 [[26  0]
  [ 0 10]]]

---- Rodada 408 ----
[[[24  0]
  [ 0 12]]

 [[22  0]
  [ 1 13]]

 [[25  1]
  [ 0 10]]]

---- Rodada 409 ----
[[[23  0]
  [ 0 12]]

 [[21  0]
  [ 0 14]]

 [[26  0]
  [ 0  9]]]

---- Rodada 410 ----
[[[24  0]
  [ 0 11]]

 [[19  1]
  [ 0 15]]

 [[26  0]
  [ 1  8]]]

---- Rodada 411 ----
[[[24  0]
  [ 0 12]]

 [[22  0]
  [ 2 12]]

 [[24  2]
  [ 0 10]]]

---- Rodada 412 ----
[[[24  0]
  [ 0 12]]

 [[22  0]
  [ 0 14]]

 [[26  0]
  [ 0 10]]]

---- Rodada 413 ----
[[[24  0]
  [ 0 12]]

 [[22  0]
  [ 0 14]]

 [[26  0]
  [ 0 10]]]

---- Rodada 414 ----
[[[23  0]
  [ 0 12]]

 [[21  0]
  [ 0 14]]

 [[26  0]
  [ 0  9]]]

---- Rodada 415 ----
[[[24  0]
  [ 0 11]]

 [[19  1]
  [ 0 15]]

 [[26  0]
  [ 1  8]]]

---- Rodada 416 ----
[[[24  0]
  [ 0 12]]

 [[22  0]
  [ 1 13]]

 [[25  1]
  [ 0 10]]]

---- Rodada 417 ----
[[[24  0]
  [ 0 12]]

 [[22  0]
  [ 0 14]]

 [[26  0]
  [ 0 10]]]

---- Rodada 418 ----
[[[24  0]
  [ 0 12]]

 [[21  1]
  [ 0 14]]

 [[26  0]
  [ 1  9]]]

---- Rodada 419 ----
[[[23  0]
  [ 0 12]]

 [[21  0]
  [ 1 13]]

 [[25  1]
  [ 0  9]]]

---- Rodada 420 ----
[[[24  0]
  [ 0 11]]

 [[18  2]
  [ 0 15]]

 [[26  0]
  [ 2  7]]]

---- Rodada 421 ----
[[[24  0]
  [ 0 12]]

 [[22  0]
  [ 0 14]]

 [[26  0]
  [ 0 10]]]

---- Rodada 422 ----
[[[24  0]
  [ 1 11]]

 [[20  2]
  [ 0 14]]

 [[26  0]
  [ 1  9]]]

---- Rodada 423 ----
[[[24  0]
  [ 0 12]]

 [[21  1]
  [ 0 14]]

 [[26  0]
  [ 1  9]]]

---- Rodada 424 ----
[[[23  0]
  [ 0 12]]

 [[21  0]
  [ 1 13]]

 [[25  1]
  [ 0  9]]]

---- Rodada 425 ----
[[[24  0]
  [ 0 11]]

 [[20  0]
  [ 0 15]]

 [[26  0]
  [ 0  9]]]

---- Rodada 426 ----
[[[24  0]
  [ 0 12]]

 [[22  0]
  [ 1 13]]

 [[25  1]
  [ 0 10]]]

---- Rodada 427 ----
[[[24  0]
  [ 0 12]]

 [[21  1]
  [ 0 14]]

 [[26  0]
  [ 1  9]]]

---- Rodada 428 ----
[[[24  0]
  [ 0 12]]

 [[21  1]
  [ 2 12]]

 [[24  2]
  [ 1  9]]]

---- Rodada 429 ----
[[[23  0]
  [ 0 12]]

 [[21  0]
  [ 0 14]]

 [[26  0]
  [ 0  9]]]

---- Rodada 430 ----
[[[24  0]
  [ 0 11]]

 [[20  0]
  [ 0 15]]

 [[26  0]
  [ 0  9]]]

---- Rodada 431 ----
[[[24  0]
  [ 0 12]]

 [[22  0]
  [ 0 14]]

 [[26  0]
  [ 0 10]]]

---- Rodada 432 ----
[[[24  0]
  [ 0 12]]

 [[21  1]
  [ 0 14]]

 [[26  0]
  [ 1  9]]]

---- Rodada 433 ----
[[[24  0]
  [ 0 12]]

 [[22  0]
  [ 0 14]]

 [[26  0]
  [ 0 10]]]

---- Rodada 434 ----
[[[23  0]
  [ 0 12]]

 [[21  0]
  [ 0 14]]

 [[26  0]
  [ 0  9]]]

---- Rodada 435 ----
[[[24  0]
  [ 0 11]]

 [[20  0]
  [ 1 14]]

 [[25  1]
  [ 0  9]]]

---- Rodada 436 ----
[[[24  0]
  [ 0 12]]

 [[22  0]
  [ 1 13]]

 [[25  1]
  [ 0 10]]]

---- Rodada 437 ----
[[[24  0]
  [ 0 12]]

 [[21  1]
  [ 0 14]]

 [[26  0]
  [ 1  9]]]

---- Rodada 438 ----
[[[24  0]
  [ 0 12]]

 [[22  0]
  [ 0 14]]

 [[26  0]
  [ 0 10]]]

---- Rodada 439 ----
[[[23  0]
  [ 1 11]]

 [[19  2]
  [ 0 14]]

 [[26  0]
  [ 1  8]]]

---- Rodada 440 ----
[[[24  0]
  [ 0 11]]

 [[20  0]
  [ 0 15]]

 [[26  0]
  [ 0  9]]]

---- Rodada 441 ----
[[[24  0]
  [ 0 12]]

 [[22  0]
  [ 1 13]]

 [[25  1]
  [ 0 10]]]

---- Rodada 442 ----
[[[24  0]
  [ 0 12]]

 [[22  0]
  [ 1 13]]

 [[25  1]
  [ 0 10]]]

---- Rodada 443 ----
[[[24  0]
  [ 0 12]]

 [[21  1]
  [ 0 14]]

 [[26  0]
  [ 1  9]]]

---- Rodada 444 ----
[[[23  0]
  [ 0 12]]

 [[20  1]
  [ 0 14]]

 [[26  0]
  [ 1  8]]]

---- Rodada 445 ----
[[[24  0]
  [ 0 11]]

 [[20  0]
  [ 2 13]]

 [[24  2]
  [ 0  9]]]

---- Rodada 446 ----
[[[24  0]
  [ 0 12]]

 [[22  0]
  [ 0 14]]

 [[26  0]
  [ 0 10]]]

---- Rodada 447 ----
[[[24  0]
  [ 0 12]]

 [[22  0]
  [ 0 14]]

 [[26  0]
  [ 0 10]]]

---- Rodada 448 ----
[[[24  0]
  [ 0 12]]

 [[21  1]
  [ 0 14]]

 [[26  0]
  [ 1  9]]]

---- Rodada 449 ----
[[[23  0]
  [ 1 11]]

 [[20  1]
  [ 1 13]]

 [[25  1]
  [ 0  9]]]

---- Rodada 450 ----
[[[24  0]
  [ 0 11]]

 [[19  1]
  [ 0 15]]

 [[26  0]
  [ 1  8]]]

---- Rodada 451 ----
[[[24  0]
  [ 0 12]]

 [[22  0]
  [ 0 14]]

 [[26  0]
  [ 0 10]]]

---- Rodada 452 ----
[[[24  0]
  [ 0 12]]

 [[22  0]
  [ 0 14]]

 [[26  0]
  [ 0 10]]]

---- Rodada 453 ----
[[[24  0]
  [ 0 12]]

 [[22  0]
  [ 1 13]]

 [[25  1]
  [ 0 10]]]

---- Rodada 454 ----
[[[23  0]
  [ 0 12]]

 [[20  1]
  [ 0 14]]

 [[26  0]
  [ 1  8]]]

---- Rodada 455 ----
[[[24  0]
  [ 0 11]]

 [[20  0]
  [ 0 15]]

 [[26  0]
  [ 0  9]]]

---- Rodada 456 ----
[[[24  0]
  [ 0 12]]

 [[22  0]
  [ 0 14]]

 [[26  0]
  [ 0 10]]]

---- Rodada 457 ----
[[[24  0]
  [ 0 12]]

 [[22  0]
  [ 1 13]]

 [[25  1]
  [ 0 10]]]

---- Rodada 458 ----
[[[24  0]
  [ 0 12]]

 [[21  1]
  [ 0 14]]

 [[26  0]
  [ 1  9]]]

---- Rodada 459 ----
[[[23  0]
  [ 1 11]]

 [[20  1]
  [ 0 14]]

 [[26  0]
  [ 0  9]]]

---- Rodada 460 ----
[[[24  0]
  [ 0 11]]

 [[19  1]
  [ 0 15]]

 [[26  0]
  [ 1  8]]]

---- Rodada 461 ----
[[[24  0]
  [ 0 12]]

 [[22  0]
  [ 0 14]]

 [[26  0]
  [ 0 10]]]

---- Rodada 462 ----
[[[24  0]
  [ 0 12]]

 [[22  0]
  [ 0 14]]

 [[26  0]
  [ 0 10]]]

---- Rodada 463 ----
[[[24  0]
  [ 0 12]]

 [[21  1]
  [ 0 14]]

 [[26  0]
  [ 1  9]]]

---- Rodada 464 ----
[[[23  0]
  [ 0 12]]

 [[21  0]
  [ 1 13]]

 [[25  1]
  [ 0  9]]]

---- Rodada 465 ----
[[[24  0]
  [ 0 11]]

 [[20  0]
  [ 0 15]]

 [[26  0]
  [ 0  9]]]

---- Rodada 466 ----
[[[24  0]
  [ 0 12]]

 [[22  0]
  [ 0 14]]

 [[26  0]
  [ 0 10]]]

---- Rodada 467 ----
[[[24  0]
  [ 0 12]]

 [[21  1]
  [ 0 14]]

 [[26  0]
  [ 1  9]]]

---- Rodada 468 ----
[[[24  0]
  [ 0 12]]

 [[21  1]
  [ 0 14]]

 [[26  0]
  [ 1  9]]]

---- Rodada 469 ----
[[[23  0]
  [ 0 12]]

 [[21  0]
  [ 0 14]]

 [[26  0]
  [ 0  9]]]

---- Rodada 470 ----
[[[24  0]
  [ 0 11]]

 [[19  1]
  [ 1 14]]

 [[25  1]
  [ 1  8]]]

---- Rodada 471 ----
[[[24  0]
  [ 0 12]]

 [[21  1]
  [ 0 14]]

 [[26  0]
  [ 1  9]]]

---- Rodada 472 ----
[[[24  0]
  [ 0 12]]

 [[22  0]
  [ 0 14]]

 [[26  0]
  [ 0 10]]]

---- Rodada 473 ----
[[[24  0]
  [ 0 12]]

 [[22  0]
  [ 0 14]]

 [[26  0]
  [ 0 10]]]

---- Rodada 474 ----
[[[23  0]
  [ 0 12]]

 [[21  0]
  [ 0 14]]

 [[26  0]
  [ 0  9]]]

---- Rodada 475 ----
[[[24  0]
  [ 0 11]]

 [[19  1]
  [ 1 14]]

 [[25  1]
  [ 1  8]]]

---- Rodada 476 ----
[[[24  0]
  [ 0 12]]

 [[21  1]
  [ 0 14]]

 [[26  0]
  [ 1  9]]]

---- Rodada 477 ----
[[[24  0]
  [ 0 12]]

 [[21  1]
  [ 0 14]]

 [[26  0]
  [ 1  9]]]

---- Rodada 478 ----
[[[24  0]
  [ 1 11]]

 [[21  1]
  [ 0 14]]

 [[26  0]
  [ 0 10]]]

---- Rodada 479 ----
[[[23  0]
  [ 0 12]]

 [[21  0]
  [ 1 13]]

 [[25  1]
  [ 0  9]]]

---- Rodada 480 ----
[[[24  0]
  [ 0 11]]

 [[20  0]
  [ 0 15]]

 [[26  0]
  [ 0  9]]]

---- Rodada 481 ----
[[[24  0]
  [ 0 12]]

 [[22  0]
  [ 0 14]]

 [[26  0]
  [ 0 10]]]

---- Rodada 482 ----
[[[24  0]
  [ 0 12]]

 [[22  0]
  [ 1 13]]

 [[25  1]
  [ 0 10]]]

---- Rodada 483 ----
[[[24  0]
  [ 0 12]]

 [[22  0]
  [ 0 14]]

 [[26  0]
  [ 0 10]]]

---- Rodada 484 ----
[[[23  0]
  [ 0 12]]

 [[21  0]
  [ 0 14]]

 [[26  0]
  [ 0  9]]]

---- Rodada 485 ----
[[[24  0]
  [ 0 11]]

 [[20  0]
  [ 0 15]]

 [[26  0]
  [ 0  9]]]

---- Rodada 486 ----
[[[24  0]
  [ 1 11]]

 [[21  1]
  [ 0 14]]

 [[26  0]
  [ 0 10]]]

---- Rodada 487 ----
[[[24  0]
  [ 0 12]]

 [[21  1]
  [ 0 14]]

 [[26  0]
  [ 1  9]]]

---- Rodada 488 ----
[[[24  0]
  [ 0 12]]

 [[22  0]
  [ 1 13]]

 [[25  1]
  [ 0 10]]]

---- Rodada 489 ----
[[[23  0]
  [ 0 12]]

 [[21  0]
  [ 0 14]]

 [[26  0]
  [ 0  9]]]

---- Rodada 490 ----
[[[24  0]
  [ 0 11]]

 [[20  0]
  [ 0 15]]

 [[26  0]
  [ 0  9]]]

---- Rodada 491 ----
[[[24  0]
  [ 0 12]]

 [[22  0]
  [ 1 13]]

 [[25  1]
  [ 0 10]]]

---- Rodada 492 ----
[[[24  0]
  [ 0 12]]

 [[22  0]
  [ 0 14]]

 [[26  0]
  [ 0 10]]]

---- Rodada 493 ----
[[[24  0]
  [ 0 12]]

 [[22  0]
  [ 1 13]]

 [[25  1]
  [ 0 10]]]

---- Rodada 494 ----
[[[23  0]
  [ 0 12]]

 [[20  1]
  [ 0 14]]

 [[26  0]
  [ 1  8]]]

---- Rodada 495 ----
[[[24  0]
  [ 0 11]]

 [[19  1]
  [ 0 15]]

 [[26  0]
  [ 1  8]]]

---- Rodada 496 ----
[[[24  0]
  [ 0 12]]

 [[21  1]
  [ 1 13]]

 [[25  1]
  [ 1  9]]]

---- Rodada 497 ----
[[[24  0]
  [ 0 12]]

 [[21  1]
  [ 0 14]]

 [[26  0]
  [ 1  9]]]

---- Rodada 498 ----
[[[24  0]
  [ 0 12]]

 [[22  0]
  [ 0 14]]

 [[26  0]
  [ 0 10]]]

---- Rodada 499 ----
[[[23  0]
  [ 0 12]]

 [[20  1]
  [ 0 14]]

 [[26  0]
  [ 1  8]]]

---- Rodada 500 ----
[[[24  0]
  [ 0 11]]

 [[20  0]
  [ 1 14]]

 [[25  1]
  [ 0  9]]]

